0.000000000000000000e+00 1.600000000000000000e+01 9.300000000000000000e+01 0.000000000000000000e+00
1.600000000000000000e+01 1.700000000000000000e+01 9.800000000000000000e+01 0.000000000000000000e+00
1.700000000000000000e+01 1.800000000000000000e+01 1.000000000000000000e+02 0.000000000000000000e+00
1.800000000000000000e+01 1.900000000000000000e+01 1.110000000000000000e+02 0.000000000000000000e+00
1.900000000000000000e+01 2.000000000000000000e+01 1.550000000000000000e+02 0.000000000000000000e+00
2.000000000000000000e+01 2.100000000000000000e+01 2.060000000000000000e+02 0.000000000000000000e+00
2.100000000000000000e+01 2.200000000000000000e+01 2.070000000000000000e+02 0.000000000000000000e+00
2.200000000000000000e+01 2.300000000000000000e+01 1.600000000000000000e+02 0.000000000000000000e+00
2.300000000000000000e+01 2.400000000000000000e+01 2.430000000000000000e+02 0.000000000000000000e+00
2.400000000000000000e+01 2.500000000000000000e+01 2.840000000000000000e+02 0.000000000000000000e+00
2.500000000000000000e+01 2.600000000000000000e+01 2.890000000000000000e+02 0.000000000000000000e+00
2.600000000000000000e+01 2.700000000000000000e+01 2.270000000000000000e+02 0.000000000000000000e+00
2.700000000000000000e+01 2.800000000000000000e+01 2.210000000000000000e+02 0.000000000000000000e+00
2.800000000000000000e+01 2.900000000000000000e+01 4.470000000000000000e+02 0.000000000000000000e+00
2.900000000000000000e+01 3.000000000000000000e+01 3.530000000000000000e+02 0.000000000000000000e+00
3.000000000000000000e+01 3.100000000000000000e+01 3.550000000000000000e+02 0.000000000000000000e+00
3.100000000000000000e+01 3.200000000000000000e+01 4.070000000000000000e+02 0.000000000000000000e+00
3.200000000000000000e+01 3.300000000000000000e+01 3.670000000000000000e+02 0.000000000000000000e+00
3.300000000000000000e+01 1.000000000000000000e+00 3.680000000000000000e+02 0.000000000000000000e+00
1.000000000000000000e+00 3.400000000000000000e+01 4.270000000000000000e+02 0.000000000000000000e+00
3.400000000000000000e+01 3.500000000000000000e+01 4.740000000000000000e+02 0.000000000000000000e+00
3.500000000000000000e+01 2.000000000000000000e+00 4.700000000000000000e+02 0.000000000000000000e+00
2.000000000000000000e+00 3.600000000000000000e+01 1.527000000000000000e+03 0.000000000000000000e+00
3.600000000000000000e+01 3.700000000000000000e+01 1.523000000000000000e+03 0.000000000000000000e+00
3.700000000000000000e+01 3.000000000000000000e+00 1.535000000000000000e+03 0.000000000000000000e+00
3.000000000000000000e+00 3.800000000000000000e+01 1.536000000000000000e+03 0.000000000000000000e+00
3.800000000000000000e+01 3.900000000000000000e+01 1.542000000000000000e+03 0.000000000000000000e+00
3.900000000000000000e+01 4.000000000000000000e+01 1.543000000000000000e+03 0.000000000000000000e+00
4.000000000000000000e+01 4.100000000000000000e+01 1.552000000000000000e+03 0.000000000000000000e+00
4.100000000000000000e+01 4.200000000000000000e+01 1.555000000000000000e+03 0.000000000000000000e+00
4.200000000000000000e+01 4.300000000000000000e+01 1.561000000000000000e+03 0.000000000000000000e+00
4.300000000000000000e+01 4.400000000000000000e+01 1.562000000000000000e+03 0.000000000000000000e+00
4.400000000000000000e+01 4.500000000000000000e+01 1.571000000000000000e+03 0.000000000000000000e+00
4.500000000000000000e+01 4.600000000000000000e+01 1.573000000000000000e+03 0.000000000000000000e+00
4.600000000000000000e+01 4.700000000000000000e+01 1.580000000000000000e+03 0.000000000000000000e+00
4.700000000000000000e+01 4.800000000000000000e+01 1.662000000000000000e+03 0.000000000000000000e+00
4.800000000000000000e+01 4.900000000000000000e+01 1.655000000000000000e+03 0.000000000000000000e+00
4.900000000000000000e+01 5.000000000000000000e+01 1.656000000000000000e+03 0.000000000000000000e+00
5.000000000000000000e+01 5.100000000000000000e+01 1.643000000000000000e+03 0.000000000000000000e+00
5.100000000000000000e+01 5.200000000000000000e+01 1.644000000000000000e+03 0.000000000000000000e+00
5.200000000000000000e+01 5.300000000000000000e+01 1.637000000000000000e+03 0.000000000000000000e+00
5.300000000000000000e+01 5.400000000000000000e+01 1.627000000000000000e+03 0.000000000000000000e+00
5.400000000000000000e+01 5.500000000000000000e+01 1.593000000000000000e+03 0.000000000000000000e+00
5.500000000000000000e+01 4.000000000000000000e+00 1.582000000000000000e+03 0.000000000000000000e+00
5.000000000000000000e+00 6.000000000000000000e+00 1.595000000000000000e+03 0.000000000000000000e+00
6.000000000000000000e+00 6.000000000000000000e+01 1.597000000000000000e+03 0.000000000000000000e+00
6.000000000000000000e+01 6.100000000000000000e+01 1.600000000000000000e+03 0.000000000000000000e+00
6.100000000000000000e+01 6.200000000000000000e+01 1.618000000000000000e+03 0.000000000000000000e+00
6.200000000000000000e+01 6.300000000000000000e+01 1.614000000000000000e+03 0.000000000000000000e+00
6.300000000000000000e+01 6.400000000000000000e+01 1.623000000000000000e+03 0.000000000000000000e+00
6.400000000000000000e+01 6.500000000000000000e+01 1.642000000000000000e+03 0.000000000000000000e+00
6.500000000000000000e+01 6.600000000000000000e+01 1.638000000000000000e+03 0.000000000000000000e+00
6.600000000000000000e+01 6.700000000000000000e+01 1.650000000000000000e+03 0.000000000000000000e+00
6.700000000000000000e+01 6.800000000000000000e+01 1.577000000000000000e+03 0.000000000000000000e+00
6.800000000000000000e+01 6.900000000000000000e+01 1.574000000000000000e+03 0.000000000000000000e+00
6.900000000000000000e+01 7.000000000000000000e+01 1.575000000000000000e+03 0.000000000000000000e+00
7.000000000000000000e+01 7.100000000000000000e+01 1.565000000000000000e+03 0.000000000000000000e+00
7.100000000000000000e+01 7.000000000000000000e+00 1.559000000000000000e+03 0.000000000000000000e+00
7.000000000000000000e+00 7.200000000000000000e+01 1.554000000000000000e+03 0.000000000000000000e+00
7.200000000000000000e+01 7.300000000000000000e+01 1.551000000000000000e+03 0.000000000000000000e+00
7.300000000000000000e+01 7.400000000000000000e+01 1.544000000000000000e+03 0.000000000000000000e+00
7.400000000000000000e+01 8.000000000000000000e+00 1.545000000000000000e+03 0.000000000000000000e+00
8.000000000000000000e+00 7.500000000000000000e+01 1.537000000000000000e+03 0.000000000000000000e+00
7.500000000000000000e+01 7.600000000000000000e+01 1.528000000000000000e+03 0.000000000000000000e+00
7.600000000000000000e+01 7.700000000000000000e+01 1.525000000000000000e+03 0.000000000000000000e+00
7.700000000000000000e+01 7.800000000000000000e+01 1.521000000000000000e+03 0.000000000000000000e+00
7.800000000000000000e+01 7.900000000000000000e+01 1.512000000000000000e+03 0.000000000000000000e+00
7.900000000000000000e+01 9.000000000000000000e+00 1.517000000000000000e+03 0.000000000000000000e+00
9.000000000000000000e+00 8.000000000000000000e+01 1.498000000000000000e+03 0.000000000000000000e+00
8.000000000000000000e+01 8.100000000000000000e+01 1.500000000000000000e+03 0.000000000000000000e+00
8.100000000000000000e+01 1.000000000000000000e+01 1.511000000000000000e+03 0.000000000000000000e+00
1.000000000000000000e+01 8.200000000000000000e+01 1.263000000000000000e+03 0.000000000000000000e+00
8.200000000000000000e+01 8.300000000000000000e+01 1.287000000000000000e+03 0.000000000000000000e+00
8.300000000000000000e+01 8.400000000000000000e+01 1.193000000000000000e+03 0.000000000000000000e+00
8.400000000000000000e+01 8.500000000000000000e+01 1.260000000000000000e+03 0.000000000000000000e+00
8.500000000000000000e+01 8.600000000000000000e+01 1.253000000000000000e+03 0.000000000000000000e+00
8.600000000000000000e+01 8.700000000000000000e+01 1.232000000000000000e+03 0.000000000000000000e+00
8.700000000000000000e+01 8.800000000000000000e+01 1.234000000000000000e+03 0.000000000000000000e+00
8.800000000000000000e+01 8.900000000000000000e+01 1.237000000000000000e+03 0.000000000000000000e+00
8.900000000000000000e+01 9.000000000000000000e+01 1.104000000000000000e+03 0.000000000000000000e+00
9.000000000000000000e+01 9.100000000000000000e+01 1.107000000000000000e+03 0.000000000000000000e+00
9.100000000000000000e+01 9.200000000000000000e+01 1.108000000000000000e+03 0.000000000000000000e+00
9.200000000000000000e+01 9.300000000000000000e+01 1.010000000000000000e+03 0.000000000000000000e+00
9.300000000000000000e+01 9.400000000000000000e+01 1.006000000000000000e+03 0.000000000000000000e+00
9.400000000000000000e+01 9.500000000000000000e+01 9.820000000000000000e+02 0.000000000000000000e+00
9.500000000000000000e+01 9.600000000000000000e+01 9.720000000000000000e+02 0.000000000000000000e+00
9.600000000000000000e+01 9.700000000000000000e+01 9.660000000000000000e+02 0.000000000000000000e+00
9.700000000000000000e+01 9.800000000000000000e+01 9.600000000000000000e+02 0.000000000000000000e+00
9.800000000000000000e+01 9.900000000000000000e+01 9.790000000000000000e+02 0.000000000000000000e+00
9.900000000000000000e+01 1.000000000000000000e+02 9.380000000000000000e+02 0.000000000000000000e+00
1.000000000000000000e+02 1.010000000000000000e+02 9.310000000000000000e+02 0.000000000000000000e+00
1.010000000000000000e+02 1.020000000000000000e+02 8.520000000000000000e+02 0.000000000000000000e+00
1.020000000000000000e+02 1.030000000000000000e+02 7.950000000000000000e+02 0.000000000000000000e+00
1.030000000000000000e+02 1.040000000000000000e+02 7.910000000000000000e+02 0.000000000000000000e+00
1.040000000000000000e+02 1.050000000000000000e+02 7.450000000000000000e+02 0.000000000000000000e+00
1.050000000000000000e+02 1.060000000000000000e+02 7.470000000000000000e+02 0.000000000000000000e+00
1.060000000000000000e+02 1.070000000000000000e+02 7.430000000000000000e+02 0.000000000000000000e+00
1.070000000000000000e+02 1.080000000000000000e+02 7.270000000000000000e+02 0.000000000000000000e+00
1.080000000000000000e+02 1.100000000000000000e+01 7.160000000000000000e+02 0.000000000000000000e+00
4.000000000000000000e+00 5.600000000000000000e+01 1.582000000000000000e+03 1.000000000000000000e+00
5.600000000000000000e+01 5.700000000000000000e+01 1.594000000000000000e+03 1.000000000000000000e+00
5.700000000000000000e+01 5.800000000000000000e+01 1.613000000000000000e+03 1.000000000000000000e+00
5.800000000000000000e+01 5.900000000000000000e+01 1.586000000000000000e+03 1.000000000000000000e+00
5.900000000000000000e+01 5.000000000000000000e+00 1.595000000000000000e+03 1.000000000000000000e+00
1.100000000000000000e+01 1.090000000000000000e+02 7.160000000000000000e+02 2.000000000000000000e+00
1.090000000000000000e+02 1.100000000000000000e+02 7.170000000000000000e+02 2.000000000000000000e+00
1.100000000000000000e+02 1.110000000000000000e+02 7.240000000000000000e+02 2.000000000000000000e+00
1.110000000000000000e+02 1.120000000000000000e+02 7.320000000000000000e+02 2.000000000000000000e+00
1.120000000000000000e+02 1.130000000000000000e+02 7.660000000000000000e+02 2.000000000000000000e+00
1.130000000000000000e+02 1.140000000000000000e+02 7.670000000000000000e+02 2.000000000000000000e+00
1.140000000000000000e+02 1.150000000000000000e+02 6.960000000000000000e+02 2.000000000000000000e+00
1.150000000000000000e+02 1.160000000000000000e+02 6.790000000000000000e+02 2.000000000000000000e+00
1.160000000000000000e+02 1.200000000000000000e+01 6.570000000000000000e+02 2.000000000000000000e+00
1.200000000000000000e+01 1.170000000000000000e+02 6.570000000000000000e+02 2.000000000000000000e+00
1.170000000000000000e+02 1.180000000000000000e+02 6.620000000000000000e+02 2.000000000000000000e+00
1.180000000000000000e+02 1.190000000000000000e+02 6.600000000000000000e+02 2.000000000000000000e+00
1.190000000000000000e+02 1.200000000000000000e+02 6.730000000000000000e+02 2.000000000000000000e+00
1.200000000000000000e+02 1.210000000000000000e+02 6.750000000000000000e+02 2.000000000000000000e+00
1.210000000000000000e+02 1.220000000000000000e+02 7.100000000000000000e+02 2.000000000000000000e+00
1.220000000000000000e+02 1.230000000000000000e+02 6.820000000000000000e+02 2.000000000000000000e+00
1.230000000000000000e+02 1.240000000000000000e+02 6.830000000000000000e+02 2.000000000000000000e+00
1.240000000000000000e+02 1.250000000000000000e+02 7.830000000000000000e+02 2.000000000000000000e+00
1.250000000000000000e+02 1.260000000000000000e+02 7.900000000000000000e+02 2.000000000000000000e+00
1.260000000000000000e+02 1.270000000000000000e+02 7.840000000000000000e+02 2.000000000000000000e+00
1.270000000000000000e+02 1.280000000000000000e+02 7.860000000000000000e+02 2.000000000000000000e+00
1.280000000000000000e+02 1.290000000000000000e+02 9.560000000000000000e+02 2.000000000000000000e+00
1.290000000000000000e+02 1.300000000000000000e+02 9.590000000000000000e+02 2.000000000000000000e+00
1.300000000000000000e+02 1.310000000000000000e+02 9.670000000000000000e+02 2.000000000000000000e+00
1.310000000000000000e+02 1.320000000000000000e+02 9.620000000000000000e+02 2.000000000000000000e+00
1.320000000000000000e+02 1.330000000000000000e+02 9.800000000000000000e+02 2.000000000000000000e+00
1.330000000000000000e+02 1.340000000000000000e+02 9.870000000000000000e+02 2.000000000000000000e+00
1.340000000000000000e+02 1.350000000000000000e+02 9.880000000000000000e+02 2.000000000000000000e+00
1.350000000000000000e+02 1.360000000000000000e+02 9.980000000000000000e+02 2.000000000000000000e+00
1.360000000000000000e+02 1.370000000000000000e+02 1.069000000000000000e+03 2.000000000000000000e+00
1.370000000000000000e+02 1.380000000000000000e+02 1.101000000000000000e+03 2.000000000000000000e+00
1.380000000000000000e+02 1.390000000000000000e+02 1.102000000000000000e+03 2.000000000000000000e+00
1.390000000000000000e+02 1.400000000000000000e+02 1.198000000000000000e+03 2.000000000000000000e+00
1.400000000000000000e+02 1.410000000000000000e+02 1.227000000000000000e+03 2.000000000000000000e+00
1.410000000000000000e+02 1.420000000000000000e+02 1.228000000000000000e+03 2.000000000000000000e+00
1.420000000000000000e+02 1.430000000000000000e+02 1.239000000000000000e+03 2.000000000000000000e+00
1.430000000000000000e+02 1.440000000000000000e+02 6.530000000000000000e+02 2.000000000000000000e+00
1.440000000000000000e+02 1.450000000000000000e+02 6.430000000000000000e+02 2.000000000000000000e+00
1.450000000000000000e+02 1.460000000000000000e+02 6.550000000000000000e+02 2.000000000000000000e+00
1.460000000000000000e+02 1.470000000000000000e+02 6.360000000000000000e+02 2.000000000000000000e+00
1.470000000000000000e+02 1.480000000000000000e+02 6.300000000000000000e+02 2.000000000000000000e+00
1.480000000000000000e+02 1.300000000000000000e+01 6.250000000000000000e+02 2.000000000000000000e+00
1.500000000000000000e+01 2.050000000000000000e+02 5.200000000000000000e+01 2.000000000000000000e+00
2.050000000000000000e+02 2.060000000000000000e+02 5.500000000000000000e+01 2.000000000000000000e+00
2.060000000000000000e+02 2.070000000000000000e+02 5.800000000000000000e+01 2.000000000000000000e+00
2.070000000000000000e+02 2.080000000000000000e+02 6.100000000000000000e+01 2.000000000000000000e+00
2.080000000000000000e+02 2.090000000000000000e+02 7.900000000000000000e+01 2.000000000000000000e+00
2.090000000000000000e+02 2.100000000000000000e+02 6.500000000000000000e+01 2.000000000000000000e+00
2.100000000000000000e+02 2.110000000000000000e+02 1.360000000000000000e+02 2.000000000000000000e+00
2.110000000000000000e+02 2.120000000000000000e+02 1.080000000000000000e+02 2.000000000000000000e+00
2.120000000000000000e+02 2.130000000000000000e+02 1.040000000000000000e+02 2.000000000000000000e+00
2.130000000000000000e+02 0.000000000000000000e+00 9.300000000000000000e+01 2.000000000000000000e+00
1.300000000000000000e+01 1.490000000000000000e+02 6.250000000000000000e+02 3.000000000000000000e+00
1.490000000000000000e+02 1.500000000000000000e+02 6.270000000000000000e+02 3.000000000000000000e+00
1.500000000000000000e+02 1.510000000000000000e+02 6.410000000000000000e+02 3.000000000000000000e+00
1.510000000000000000e+02 1.520000000000000000e+02 6.330000000000000000e+02 3.000000000000000000e+00
1.520000000000000000e+02 1.530000000000000000e+02 1.177000000000000000e+03 3.000000000000000000e+00
1.530000000000000000e+02 1.540000000000000000e+02 6.380000000000000000e+02 3.000000000000000000e+00
1.540000000000000000e+02 1.550000000000000000e+02 1.257000000000000000e+03 3.000000000000000000e+00
1.550000000000000000e+02 1.560000000000000000e+02 1.255000000000000000e+03 3.000000000000000000e+00
1.560000000000000000e+02 1.570000000000000000e+02 1.284000000000000000e+03 3.000000000000000000e+00
1.570000000000000000e+02 1.580000000000000000e+02 1.335000000000000000e+03 3.000000000000000000e+00
1.580000000000000000e+02 1.590000000000000000e+02 1.340000000000000000e+03 3.000000000000000000e+00
1.590000000000000000e+02 1.600000000000000000e+02 1.341000000000000000e+03 3.000000000000000000e+00
1.600000000000000000e+02 1.610000000000000000e+02 1.361000000000000000e+03 3.000000000000000000e+00
1.610000000000000000e+02 1.620000000000000000e+02 1.364000000000000000e+03 3.000000000000000000e+00
1.620000000000000000e+02 1.630000000000000000e+02 1.362000000000000000e+03 3.000000000000000000e+00
1.630000000000000000e+02 1.640000000000000000e+02 1.370000000000000000e+03 3.000000000000000000e+00
1.640000000000000000e+02 1.650000000000000000e+02 1.388000000000000000e+03 3.000000000000000000e+00
1.650000000000000000e+02 1.660000000000000000e+02 1.414000000000000000e+03 3.000000000000000000e+00
1.660000000000000000e+02 1.670000000000000000e+02 1.488000000000000000e+03 3.000000000000000000e+00
1.670000000000000000e+02 1.680000000000000000e+02 5.600000000000000000e+02 3.000000000000000000e+00
1.680000000000000000e+02 1.690000000000000000e+02 2.700000000000000000e+01 3.000000000000000000e+00
1.690000000000000000e+02 1.700000000000000000e+02 2.500000000000000000e+01 3.000000000000000000e+00
1.700000000000000000e+02 1.710000000000000000e+02 2.600000000000000000e+01 3.000000000000000000e+00
1.710000000000000000e+02 1.720000000000000000e+02 2.100000000000000000e+01 3.000000000000000000e+00
1.720000000000000000e+02 1.400000000000000000e+01 1.000000000000000000e+00 3.000000000000000000e+00
1.400000000000000000e+01 1.730000000000000000e+02 1.000000000000000000e+00 3.000000000000000000e+00
1.730000000000000000e+02 1.740000000000000000e+02 3.000000000000000000e+00 3.000000000000000000e+00
1.740000000000000000e+02 1.750000000000000000e+02 4.000000000000000000e+00 3.000000000000000000e+00
1.750000000000000000e+02 1.760000000000000000e+02 6.000000000000000000e+00 3.000000000000000000e+00
1.760000000000000000e+02 1.770000000000000000e+02 2.400000000000000000e+01 3.000000000000000000e+00
1.770000000000000000e+02 1.780000000000000000e+02 5.620000000000000000e+02 3.000000000000000000e+00
1.780000000000000000e+02 1.790000000000000000e+02 5.660000000000000000e+02 3.000000000000000000e+00
1.790000000000000000e+02 1.800000000000000000e+02 4.900000000000000000e+01 3.000000000000000000e+00
1.800000000000000000e+02 1.810000000000000000e+02 5.480000000000000000e+02 3.000000000000000000e+00
1.810000000000000000e+02 1.820000000000000000e+02 5.490000000000000000e+02 3.000000000000000000e+00
1.820000000000000000e+02 1.830000000000000000e+02 5.920000000000000000e+02 3.000000000000000000e+00
1.830000000000000000e+02 1.840000000000000000e+02 5.310000000000000000e+02 3.000000000000000000e+00
1.840000000000000000e+02 1.850000000000000000e+02 5.250000000000000000e+02 3.000000000000000000e+00
1.850000000000000000e+02 1.860000000000000000e+02 5.090000000000000000e+02 3.000000000000000000e+00
1.860000000000000000e+02 1.870000000000000000e+02 4.650000000000000000e+02 3.000000000000000000e+00
1.870000000000000000e+02 1.880000000000000000e+02 4.660000000000000000e+02 3.000000000000000000e+00
1.880000000000000000e+02 1.890000000000000000e+02 4.050000000000000000e+02 3.000000000000000000e+00
1.890000000000000000e+02 1.900000000000000000e+02 4.060000000000000000e+02 3.000000000000000000e+00
1.900000000000000000e+02 1.910000000000000000e+02 3.750000000000000000e+02 3.000000000000000000e+00
1.910000000000000000e+02 1.920000000000000000e+02 3.560000000000000000e+02 3.000000000000000000e+00
1.920000000000000000e+02 1.930000000000000000e+02 3.370000000000000000e+02 3.000000000000000000e+00
1.930000000000000000e+02 1.940000000000000000e+02 3.380000000000000000e+02 3.000000000000000000e+00
1.940000000000000000e+02 1.950000000000000000e+02 3.480000000000000000e+02 3.000000000000000000e+00
1.950000000000000000e+02 1.960000000000000000e+02 2.680000000000000000e+02 3.000000000000000000e+00
1.960000000000000000e+02 1.970000000000000000e+02 2.900000000000000000e+02 3.000000000000000000e+00
1.970000000000000000e+02 1.980000000000000000e+02 2.700000000000000000e+02 3.000000000000000000e+00
1.980000000000000000e+02 1.990000000000000000e+02 2.550000000000000000e+02 3.000000000000000000e+00
1.990000000000000000e+02 2.000000000000000000e+02 2.560000000000000000e+02 3.000000000000000000e+00
2.000000000000000000e+02 2.010000000000000000e+02 1.740000000000000000e+02 3.000000000000000000e+00
2.010000000000000000e+02 2.020000000000000000e+02 1.770000000000000000e+02 3.000000000000000000e+00
2.020000000000000000e+02 2.030000000000000000e+02 6.900000000000000000e+01 3.000000000000000000e+00
2.030000000000000000e+02 2.040000000000000000e+02 6.200000000000000000e+01 3.000000000000000000e+00
2.040000000000000000e+02 1.500000000000000000e+01 5.200000000000000000e+01 3.000000000000000000e+00
