5.535999999999999588e+00 -5.000000000000000278e-02
1.804999999999999938e+00 -5.000000000000000278e-02
1.268000000000000016e+00 4.299999999999999656e-02
1.804999999999999938e+00 0.000000000000000000e+00
5.535999999999999588e+00 0.000000000000000000e+00
5.535999999999999588e+00 1.000000000000000000e+00
5.336000000000000298e+00 1.000000000000000000e+00
2.694999999999999840e+00 4.450000000000000067e-01
1.804999999999999938e+00 4.450000000000000067e-01
5.679999999999999494e-01 7.510000000000000009e-01
0.000000000000000000e+00 8.010000000000000453e-01
5.535999999999999588e+00 1.100000000000000089e+00
5.535999999999999588e+00 3.000000000000000000e+00
-1.000000000000000000e+00 3.000000000000000000e+00
-1.000000000000000000e+00 -2.000000000000000000e+00
5.535999999999999588e+00 -2.000000000000000000e+00
5.339631578949999735e+00 -5.000000000000000278e-02
5.143263157889999881e+00 -5.000000000000000278e-02
4.946894736840000029e+00 -5.000000000000000278e-02
4.750526315790000176e+00 -5.000000000000000278e-02
4.554157894740000323e+00 -5.000000000000000278e-02
4.357789473679999581e+00 -5.000000000000000278e-02
4.161421052629999728e+00 -5.000000000000000278e-02
3.965052631579999876e+00 -5.000000000000000278e-02
3.768684210530000023e+00 -5.000000000000000278e-02
3.572315789470000169e+00 -5.000000000000000278e-02
3.375947368419999872e+00 -5.000000000000000278e-02
3.179578947370000019e+00 -5.000000000000000278e-02
2.983210526320000167e+00 -5.000000000000000278e-02
2.786842105259999869e+00 -5.000000000000000278e-02
2.590473684210000016e+00 -5.000000000000000278e-02
2.394105263160000163e+00 -5.000000000000000278e-02
2.197736842109999866e+00 -5.000000000000000278e-02
2.001368421050000013e+00 -5.000000000000000278e-02
1.625999999999999890e+00 -1.899999999999999953e-02
1.447000000000000064e+00 1.200000000000000025e-02
1.447000000000000064e+00 2.866666666670000113e-02
1.625999999999999890e+00 1.433333333330000063e-02
2.001368421050000013e+00 0.000000000000000000e+00
2.197736842109999866e+00 0.000000000000000000e+00
2.394105263160000163e+00 0.000000000000000000e+00
2.590473684210000016e+00 0.000000000000000000e+00
2.786842105259999869e+00 0.000000000000000000e+00
2.983210526320000167e+00 0.000000000000000000e+00
3.179578947370000019e+00 0.000000000000000000e+00
3.375947368419999872e+00 0.000000000000000000e+00
3.572315789470000169e+00 0.000000000000000000e+00
3.768684210530000023e+00 0.000000000000000000e+00
3.965052631579999876e+00 0.000000000000000000e+00
4.161421052629999728e+00 0.000000000000000000e+00
4.357789473679999581e+00 0.000000000000000000e+00
4.554157894740000323e+00 0.000000000000000000e+00
4.750526315790000176e+00 0.000000000000000000e+00
4.946894736840000029e+00 0.000000000000000000e+00
5.143263157889999881e+00 0.000000000000000000e+00
5.339631578949999735e+00 0.000000000000000000e+00
5.535999999999999588e+00 2.000000000000000111e-01
5.535999999999999588e+00 4.000000000000000222e-01
5.535999999999999588e+00 5.999999999999999778e-01
5.535999999999999588e+00 8.000000000000000444e-01
5.132846153850000093e+00 9.573076923079999467e-01
4.929692307689999886e+00 9.146153846150000266e-01
4.726538461539999680e+00 8.719230769229999733e-01
4.523384615380000362e+00 8.292307692310000311e-01
4.320230769230000156e+00 7.865384615380000000e-01
4.117076923079999951e+00 7.438461538459999467e-01
3.913923076920000188e+00 7.011538461540000045e-01
3.710769230769999982e+00 6.584615384619999512e-01
3.507615384620000221e+00 6.157692307690000311e-01
3.304461538460000014e+00 5.730769230769999778e-01
3.101307692309999808e+00 5.303846153850000356e-01
2.898153846150000046e+00 4.876923076920000044e-01
2.472500000000000142e+00 4.450000000000000067e-01
2.250000000000000000e+00 4.450000000000000067e-01
2.027499999999999858e+00 4.450000000000000067e-01
1.598833333329999995e+00 4.959999999999999964e-01
1.392666666670000053e+00 5.470000000000000417e-01
1.186500000000000110e+00 5.979999999999999760e-01
9.803333333329999899e-01 6.490000000000000213e-01
7.741666666669999586e-01 6.999999999999999556e-01
3.786666666669999959e-01 7.676666666670000083e-01
1.893333333330000090e-01 7.843333333330000379e-01
1.977142857139999876e-01 8.116785714290000175e-01
3.954285714290000087e-01 8.223571428570000119e-01
5.931428571429999685e-01 8.330357142859999842e-01
7.908571428570000394e-01 8.437142857139999785e-01
9.885714285709999993e-01 8.543928571429999508e-01
1.186285714290000071e+00 8.650714285709999452e-01
1.383999999999999897e+00 8.757500000000000284e-01
1.581714285709999945e+00 8.864285714290000007e-01
1.779428571429999995e+00 8.971071428569999950e-01
1.977142857140000043e+00 9.077857142859999673e-01
2.174857142860000092e+00 9.184642857139999617e-01
2.372571428570000140e+00 9.291428571430000449e-01
2.570285714290000190e+00 9.398214285710000393e-01
2.767999999999999794e+00 9.505000000000000115e-01
2.965714285709999842e+00 9.611785714289999838e-01
3.163428571429999892e+00 9.718571428569999782e-01
3.361142857139999940e+00 9.825357142859999504e-01
3.558857142859999989e+00 9.932142857139999448e-01
3.756571428570000037e+00 1.003892857140000094e+00
3.954285714290000087e+00 1.014571428570000045e+00
4.152000000000000135e+00 1.025249999999999995e+00
4.349714285710000183e+00 1.035928571429999945e+00
4.547428571430000233e+00 1.046607142859999895e+00
4.745142857140000281e+00 1.057285714290000067e+00
4.942857142860000330e+00 1.067964285710000016e+00
5.140571428570000378e+00 1.078642857139999967e+00
5.338285714290000428e+00 1.089321428569999917e+00
5.535999999999999588e+00 1.311111111110000005e+00
5.535999999999999588e+00 1.522222222219999921e+00
5.535999999999999588e+00 1.733333333330000059e+00
5.535999999999999588e+00 1.944444444439999975e+00
5.535999999999999588e+00 2.155555555559999892e+00
5.535999999999999588e+00 2.366666666670000030e+00
5.535999999999999588e+00 2.577777777780000168e+00
5.535999999999999588e+00 2.788888888889999862e+00
5.337939393940000166e+00 3.000000000000000000e+00
5.139878787879999855e+00 3.000000000000000000e+00
4.941818181820000433e+00 3.000000000000000000e+00
4.743757575760000123e+00 3.000000000000000000e+00
4.545696969699999812e+00 3.000000000000000000e+00
4.347636363640000390e+00 3.000000000000000000e+00
4.149575757580000079e+00 3.000000000000000000e+00
3.951515151520000213e+00 3.000000000000000000e+00
3.753454545449999902e+00 3.000000000000000000e+00
3.555393939390000035e+00 3.000000000000000000e+00
3.357333333330000169e+00 3.000000000000000000e+00
3.159272727269999859e+00 3.000000000000000000e+00
2.961212121209999992e+00 3.000000000000000000e+00
2.763151515150000126e+00 3.000000000000000000e+00
2.565090909089999816e+00 3.000000000000000000e+00
2.367030303029999949e+00 3.000000000000000000e+00
2.168969696970000083e+00 3.000000000000000000e+00
1.970909090909999994e+00 3.000000000000000000e+00
1.772848484849999906e+00 3.000000000000000000e+00
1.574787878790000040e+00 3.000000000000000000e+00
1.376727272729999951e+00 3.000000000000000000e+00
1.178666666670000085e+00 3.000000000000000000e+00
9.806060606059999740e-01 3.000000000000000000e+00
7.825454545450000188e-01 3.000000000000000000e+00
5.844848484850000414e-01 3.000000000000000000e+00
3.864242424239999751e-01 3.000000000000000000e+00
1.883636363639999978e-01 3.000000000000000000e+00
-9.696969696970000538e-03 3.000000000000000000e+00
-2.077575757579999960e-01 3.000000000000000000e+00
-4.058181818180000011e-01 3.000000000000000000e+00
-6.038787878789999564e-01 3.000000000000000000e+00
-8.019393939390000448e-01 3.000000000000000000e+00
-1.000000000000000000e+00 2.799999999999999822e+00
-1.000000000000000000e+00 2.600000000000000089e+00
-1.000000000000000000e+00 2.399999999999999911e+00
-1.000000000000000000e+00 2.200000000000000178e+00
-1.000000000000000000e+00 2.000000000000000000e+00
-1.000000000000000000e+00 1.800000000000000044e+00
-1.000000000000000000e+00 1.600000000000000089e+00
-1.000000000000000000e+00 1.399999999999999911e+00
-1.000000000000000000e+00 1.199999999999999956e+00
-1.000000000000000000e+00 1.000000000000000000e+00
-1.000000000000000000e+00 8.000000000000000444e-01
-1.000000000000000000e+00 5.999999999999999778e-01
-1.000000000000000000e+00 4.000000000000000222e-01
-1.000000000000000000e+00 2.000000000000000111e-01
-1.000000000000000000e+00 -4.440892098500000003e-16
-1.000000000000000000e+00 -2.000000000000000111e-01
-1.000000000000000000e+00 -4.000000000000000222e-01
-1.000000000000000000e+00 -5.999999999999999778e-01
-1.000000000000000000e+00 -8.000000000000000444e-01
-1.000000000000000000e+00 -1.000000000000000000e+00
-1.000000000000000000e+00 -1.199999999999999956e+00
-1.000000000000000000e+00 -1.399999999999999911e+00
-1.000000000000000000e+00 -1.600000000000000089e+00
-1.000000000000000000e+00 -1.800000000000000044e+00
-8.019393939390000448e-01 -2.000000000000000000e+00
-6.038787878789999564e-01 -2.000000000000000000e+00
-4.058181818180000011e-01 -2.000000000000000000e+00
-2.077575757579999960e-01 -2.000000000000000000e+00
-9.696969696970000538e-03 -2.000000000000000000e+00
1.883636363639999978e-01 -2.000000000000000000e+00
3.864242424239999751e-01 -2.000000000000000000e+00
5.844848484850000414e-01 -2.000000000000000000e+00
7.825454545450000188e-01 -2.000000000000000000e+00
9.806060606059999740e-01 -2.000000000000000000e+00
1.178666666670000085e+00 -2.000000000000000000e+00
1.376727272729999951e+00 -2.000000000000000000e+00
1.574787878790000040e+00 -2.000000000000000000e+00
1.772848484849999906e+00 -2.000000000000000000e+00
1.970909090909999994e+00 -2.000000000000000000e+00
2.168969696970000083e+00 -2.000000000000000000e+00
2.367030303029999949e+00 -2.000000000000000000e+00
2.565090909089999816e+00 -2.000000000000000000e+00
2.763151515150000126e+00 -2.000000000000000000e+00
2.961212121209999992e+00 -2.000000000000000000e+00
3.159272727269999859e+00 -2.000000000000000000e+00
3.357333333330000169e+00 -2.000000000000000000e+00
3.555393939390000035e+00 -2.000000000000000000e+00
3.753454545449999902e+00 -2.000000000000000000e+00
3.951515151520000213e+00 -2.000000000000000000e+00
4.149575757580000079e+00 -2.000000000000000000e+00
4.347636363640000390e+00 -2.000000000000000000e+00
4.545696969699999812e+00 -2.000000000000000000e+00
4.743757575760000123e+00 -2.000000000000000000e+00
4.941818181820000433e+00 -2.000000000000000000e+00
5.139878787879999855e+00 -2.000000000000000000e+00
5.337939393940000166e+00 -2.000000000000000000e+00
5.535999999999999588e+00 -1.804999999999999938e+00
5.535999999999999588e+00 -1.610000000000000098e+00
5.535999999999999588e+00 -1.415000000000000036e+00
5.535999999999999588e+00 -1.219999999999999973e+00
5.535999999999999588e+00 -1.024999999999999911e+00
5.535999999999999588e+00 -8.299999999999999600e-01
5.535999999999999588e+00 -6.350000000000000089e-01
5.535999999999999588e+00 -4.400000000000000022e-01
5.535999999999999588e+00 -2.449999999999999956e-01
1.078999999999999959e+00 -1.058333333330000077e-02
2.945458008660000182e+00 1.165060714290000021e+00
3.765638277509999909e+00 -4.400000000000000022e-01
-4.058181818180000011e-01 -1.399999999999999911e+00
2.428006926410000155e+00 2.381946428570000052e+00
6.032459661550000352e-01 2.803974025970000117e+00
4.240094450999999931e-01 2.606006493509999800e+00
4.151515151519999947e+00 1.420199999999999907e+00
6.516190476190000247e-01 4.666190476190000269e-01
1.286000000000000032e+00 -1.195200000000000040e+00
4.467511688310000117e+00 1.827964285710000025e+00
2.765520574159999967e+00 -1.804999999999999938e+00
-7.029090909090000006e-01 2.700000000000000178e+00
3.143206926409999991e+00 1.174671428569999954e+00
4.099546558700000176e+00 1.752884615380000122e-01
3.952346320350000219e+00 2.404371428570000191e+00
2.976611004780000069e+00 -6.350000000000000089e-01
3.358476190479999790e+00 2.394760714289999814e+00
1.197333333330000027e+00 2.806886363639999882e+00
3.061941970309999927e+00 3.535897435900000052e-01
9.856749311289999538e-01 1.634613636359999900e+00
3.929728453360000207e-01 1.416259740259999900e+00
4.694421052630000091e+00 -1.892857142859999953e-01
7.009999999999999565e-01 -1.677500000000000102e-01
5.274175438600000376e+00 1.333333333329999870e-01
4.057314194579999977e+00 -1.024999999999999911e+00
3.501559968100000031e+00 -1.415000000000000036e+00
-2.000000000000000111e-01 8.007999999999999563e-01
1.401654545450000011e+00 -1.801900000000000057e+00
1.975896103900000034e+00 1.326228571429999947e+00
2.513795215310000053e+00 -1.415000000000000036e+00
2.350100956939999985e+00 -1.804999999999999938e+00
5.388723684210000364e+00 -4.887500000000000178e-01
2.964813852809999872e+00 1.368942857139999969e+00
5.405087719299999982e+00 -3.099999999999999978e-01
1.943140495869999929e-01 1.607431818180000027e+00
3.773537662339999876e+00 2.801457142859999916e+00
4.355758851670000098e+00 -4.400000000000000022e-01
2.250410389609999839e+00 2.171657142860000000e+00
-7.026666666669999506e-01 4.608333333330000281e-02
3.562162679430000090e+00 -1.219999999999999973e+00
3.558164502159999909e+00 1.394571428569999938e+00
3.321782456139999784e+00 -1.610000000000000098e+00
4.970112554109999969e+00 2.638095238100000017e+00
1.995276555020000009e+00 -4.400000000000000022e-01
5.271919191920000358e+00 -1.350000000000000089e+00
5.271919191920000358e+00 2.859259259259999908e+00
1.937727272729999894e+00 -1.610000000000000098e+00
2.605672727269999989e+00 2.590100000000000069e+00
5.394528138530000128e+00 2.095238095240000042e+00
-1.087272727270000017e-01 -1.750000000000000000e+00
-7.026666666669999506e-01 -1.039166666670000017e-01
3.240020779219999980e+00 2.193014285709999900e+00
3.171456459329999866e+00 -8.299999999999999600e-01
8.012750885480000029e-01 2.804944805189999890e+00
1.210521212119999968e+00 -3.655999999999999805e-01
5.467107438020000210e-01 -1.628545454549999993e+00
-2.857142857139999825e-01 1.086428571429999934e+00
5.884203069660000063e-01 2.015016233769999943e+00
7.855678866590000142e-01 2.215896103900000025e+00
2.154462337660000060e+00 1.126617857140000067e+00
-7.005714285709999656e-01 1.552919642860000060e+00
-4.000000000000000222e-01 6.405999999999999472e-01
4.553311802229999650e+00 -2.449999999999999956e-01
2.940682186230000106e+00 2.438461538460000022e-01
2.764121212120000060e+00 2.590100000000000069e+00
2.112618421050000084e+00 2.225000000000000033e-01
4.971102040819999957e+00 1.431394557820000024e+00
1.073818181820000106e+00 -7.741999999999999993e-01
1.380694214880000104e+00 1.841318181819999955e+00
1.411863636359999896e+00 -9.939999999999999947e-01
2.904945454549999972e+00 1.572824999999999918e+00
3.590429665069999832e+00 -2.449999999999999956e-01
2.468658008659999847e+00 1.969910714290000087e+00
-5.246545454550000098e-01 2.759999999999999787e+00
4.615946477760000111e-01 2.212012987010000042e+00
4.151030303029999757e+00 1.815150000000000041e+00
9.598095238099999538e-01 2.548095238099999937e-01
1.339666666669999895e+00 -7.927999999999999492e-01
4.507470129869999731e+00 1.437285714289999961e+00
2.770258692190000094e+00 -1.415000000000000036e+00
-8.000000000000000444e-01 1.120200000000000085e+00
3.975797570850000184e+00 5.258653846149999866e-01
3.952900432899999927e+00 2.007285714290000023e+00
2.972211323759999857e+00 -1.024999999999999911e+00
3.359238095239999833e+00 1.991267857139999986e+00
1.234666666669999913e+00 2.420659090910000089e+00
2.585397129189999976e+00 -4.400000000000000022e-01
9.871231798499999766e-01 1.244503246749999903e+00
3.913356946079999954e-01 1.812194805190000091e+00
4.974947368419999627e+00 -4.678571428569999746e-01
3.230000000000000093e-01 -3.082500000000000240e-01
4.972406477729999885e+00 7.316923076919999991e-01
4.020409569379999937e+00 -6.350000000000000089e-01
3.465670653910000176e+00 -1.024999999999999911e+00
-5.999999999999999778e-01 8.004000000000000004e-01
1.585030303029999921e+00 -1.603799999999999892e+00
1.974649350650000024e+00 1.744671428570000016e+00
2.479598086120000211e+00 -1.024999999999999911e+00
-6.219999999999999973e-01 -3.261666666670000048e-01
5.094171052630000140e+00 -1.962500000000000078e-01
1.597809090910000007e+00 -1.804999999999999938e+00
5.241447368420000252e+00 -1.962500000000000078e-01
1.926139315229999927e-01 2.005308441559999988e+00
4.180042583729999706e+00 -2.449999999999999956e-01
2.209690043290000183e+00 2.585828571430000000e+00
-4.053333333329999788e-01 2.921666666669999746e-01
3.565547049440000116e+00 -8.299999999999999600e-01
3.359194736840000139e+00 -1.804999999999999938e+00
5.253056277059999779e+00 2.396825396830000177e+00
1.989184689000000006e+00 -8.299999999999999600e-01
5.377551515150000405e+00 2.493333333329999846e+00
1.904545454550000017e+00 -1.219999999999999973e+00
2.565610389610000208e+00 2.793982142860000017e+00
5.111584415580000318e+00 2.396825396830000177e+00
-8.679595959600000521e-01 -1.333333333329999926e+00
3.199646753250000142e+00 2.596507142860000172e+00
3.167395215310000012e+00 -1.219999999999999973e+00
3.766044864229999845e-01 1.020324675319999930e+00
6.466225895320000250e-01 -1.814272727270000107e+00
-5.714285714290000540e-01 1.371857142859999934e+00
5.899944903580000011e-01 1.621022727269999963e+00
7.840566706020000165e-01 2.607948051949999790e+00
3.328290148449999819e+00 3.820512820509999741e-01
-4.011428571430000201e-01 1.305839285710000075e+00
4.551619617220000080e+00 -6.350000000000000089e-01
-6.831030303030000139e-01 -1.639999999999999902e+00
-8.349494949489999485e-01 2.333333333330000148e+00
1.580454939000000003e+00 1.270714285710000002e+00
5.253551020409999772e+00 1.687919501130000111e+00
1.382016528929999932e+00 1.455090909089999940e+00
1.397809090910000052e+00 -1.396400000000000086e+00
2.864432900430000206e+00 1.980589285710000036e+00
3.626657416270000045e+00 -6.350000000000000089e-01
2.783333333329999770e-01 -1.829749999999999988e+00
2.509309090909999984e+00 1.557874999999999899e+00
-8.415515151519999959e-01 2.520000000000000018e+00
4.150545454549999569e+00 2.210100000000000176e+00
1.119777777779999983e+00 1.637777777780000110e-01
1.393333333329999979e+00 -3.904000000000000248e-01
2.774996810210000220e+00 -1.024999999999999911e+00
-4.000000000000000222e-01 9.606000000000000094e-01
5.007838383840000240e+00 -1.739999999999999991e+00
3.939487854249999810e+00 3.505769230770000022e-01
3.953454545450000079e+00 1.610200000000000076e+00
2.967811642740000089e+00 -1.415000000000000036e+00
3.359999999999999876e+00 1.587774999999999936e+00
1.272000000000000020e+00 2.034431818179999851e+00
2.580320574159999936e+00 -8.299999999999999600e-01
1.167587563949999963e+00 1.059155844159999971e+00
5.255473684210000052e+00 -7.464285714289999873e-01
-5.500000000000000028e-02 -4.487499999999999822e-01
5.057834817809999883e+00 3.658461538459999995e-01
3.983504944179999896e+00 -2.449999999999999956e-01
3.429781339709999877e+00 -6.350000000000000089e-01
1.595272727270000024e+00 -1.207600000000000007e+00
1.973402597400000014e+00 2.163114285709999862e+00
2.445400956939999926e+00 -6.350000000000000089e-01
-2.439999999999999947e-01 -2.523333333330000094e-01
1.643851515149999942e+00 -1.415000000000000036e+00
1.909138134589999924e-01 2.403185064940000171e+00
4.217285645929999660e+00 -6.350000000000000089e-01
2.169558441559999995e+00 2.791846428569999983e+00
-1.079999999999999988e-01 5.382500000000000062e-01
3.568931419460000143e+00 -4.400000000000000022e-01
-1.511688311690000119e-01 2.857142857139999936e+00
5.090363636360000221e+00 2.841666666670000119e+00
4.828640692639999621e+00 2.698412698409999866e+00
-7.029090909090000006e-01 -1.250000000000000000e+00
2.367584415580000101e+00 2.792914285710000222e+00
3.163333971290000157e+00 -1.610000000000000098e+00
1.095563636360000093e+00 -1.182800000000000074e+00
7.708980716250000143e-01 -1.442818181820000101e+00
-8.571428571429999810e-01 1.657285714289999934e+00
5.915686737499999959e-01 1.227029220779999985e+00
3.221206477730000017e+00 1.910256410260000037e-01
-1.017142857139999995e-01 1.058758928570000091e+00
-8.514545454549999892e-01 -1.699999999999999956e+00
4.549927432219999623e+00 -1.024999999999999911e+00
-5.048484848480000453e-01 2.600000000000000089e+00
1.579195592290000061e+00 1.655000000000000027e+00
4.131951515149999921e+00 1.222725000000000062e+00
3.141666507180000067e+00 -1.804999999999999938e+00
3.538704761900000051e+00 1.193892857140000041e+00
1.383338842979999983e+00 1.068863636359999925e+00
2.823920346319999997e+00 2.388353571430000155e+00
3.662885167459999813e+00 -1.024999999999999911e+00
4.582727272730000023e-01 -1.489249999999999963e+00
2.549960173160000121e+00 1.145839285709999933e+00
5.367650531290000249e-01 1.424025974030000086e+00
4.150060606060000268e+00 2.605049999999999866e+00
8.233333333329999615e-01 4.053333333329999788e-01
1.791420700510000019e+00 2.809798701300000090e+00
3.754389610390000076e+00 2.401167857139999917e+00
2.779734928229999902e+00 -6.350000000000000089e-01
4.169589610390000090e+00 2.803592857139999950e+00
3.954008658009999788e+00 1.213114285709999907e+00
2.963411961719999876e+00 -1.804999999999999938e+00
3.360761904759999918e+00 1.184282142860000109e+00
1.309333333329999904e+00 1.648204545450000058e+00
2.575244019139999896e+00 -1.219999999999999973e+00
1.130191263279999969e+00 1.447324675319999976e+00
-4.329999999999999960e-01 -5.892500000000000515e-01
3.962345135570000121e+00 -4.400000000000000022e-01
3.393892025520000022e+00 -2.449999999999999956e-01
1.593391578120000096e+00 2.808827922079999873e+00
1.605515151519999906e+00 -8.114000000000000101e-01
1.972155844160000004e+00 2.581557142859999932e+00
2.411203827750000084e+00 -2.449999999999999956e-01
1.340000000000000080e-01 -1.784999999999999920e-01
1.689893939390000099e+00 -1.024999999999999911e+00
4.538771255060000342e+00 4.146153846150000266e-01
1.892136953959999979e-01 2.801061688309999909e+00
4.254528708129999615e+00 -1.024999999999999911e+00
2.170735930739999819e+00 2.375539285709999948e+00
4.378712550610000420e+00 5.899038461540000444e-01
4.347844155839999836e+00 2.803592857139999950e+00
1.838181818180000038e+00 -4.400000000000000022e-01
4.545870129869999943e+00 2.804660714290000190e+00
-8.585281385280000288e-01 -1.142857142860000064e+00
-3.397979797980000272e-01 -1.866666666670000030e+00
1.038084848480000044e+00 -1.591399999999999926e+00
8.951735537189999814e-01 -1.071363636360000093e+00
1.428888888889999986e+00 2.014444444440000037e-01
7.720960251870000457e-01 1.039740259740000061e+00
3.595629437229999947e+00 2.600778571429999797e+00
4.800000000000000100e-02 9.602187500000000098e-01
-7.359191919190000153e-01 -1.866666666670000030e+00
4.548235247210000054e+00 -1.415000000000000036e+00
2.607741467299999893e+00 -2.449999999999999956e-01
4.508115470489999943e+00 -1.610000000000000098e+00
1.577936245569999896e+00 2.039285714290000051e+00
2.174723125999999951e+00 -1.610000000000000098e+00
-4.329999999999999960e-01 -4.392499999999999738e-01
2.783407792209999787e+00 2.796117857140000051e+00
3.699112918660000027e+00 -1.415000000000000036e+00
6.382121212119999942e-01 -1.148749999999999938e+00
1.774044864229999963e+00 2.617655844160000189e+00
5.743502558049999873e-01 1.030032467530000106e+00
3.933232057420000150e+00 -1.804999999999999938e+00
1.828565131840000024e+00 2.429396103899999826e+00
3.755012987010000192e+00 2.001946428570000158e+00
2.784473046250000028e+00 -2.449999999999999956e-01
-5.000000000000000000e-01 1.100500000000000034e+00
5.298327272729999926e+00 -1.532000000000000028e+00
4.209617316020000111e+00 2.410778571429999850e+00
5.403959595959999973e+00 -1.739999999999999991e+00
5.232846153849999737e+00 6.573076923080000133e-01
1.346666666670000012e+00 1.261977272730000044e+00
2.570167464109999855e+00 -1.610000000000000098e+00
1.092794962609999976e+00 1.835493506489999982e+00
3.550748987850000038e+00 2.052564102559999992e-01
-8.110000000000000542e-01 -7.297500000000000098e-01
3.959637639549999921e+00 -8.299999999999999600e-01
4.151944816590000364e+00 -1.610000000000000098e+00
1.630598976779999987e+00 2.426483766230000061e+00
1.615757575760000009e+00 -4.152000000000000135e-01
-7.359191919190000153e-01 2.866666666670000030e+00
2.388690271130000209e+00 -4.400000000000000022e-01
5.120000000000000107e-01 -1.046666666670000023e-01
3.161766233769999879e+00 1.783114285709999969e+00
1.735936363640000035e+00 -6.350000000000000089e-01
9.698417945689999931e-01 1.049448051950000016e+00
1.196533333329999893e+00 -1.591399999999999926e+00
4.291771770329999569e+00 -1.415000000000000036e+00
2.171913419910000087e+00 1.959232142859999914e+00
1.715500000000000025e+00 2.296666666670000023e-01
4.495676113360000059e+00 1.966346153849999889e-01
1.801784848480000090e+00 -2.449999999999999956e-01
4.546216450220000205e+00 2.413982142860000124e+00
-5.755844155839999754e-01 -1.428571428569999968e+00
-5.000000000000000000e-01 4.005000000000000226e-01
2.636599763870000057e-01 2.208129870130000061e+00
3.754977511959999958e+00 -1.804999999999999938e+00
7.345737898469999472e-01 1.431792207790000049e+00
3.635864935059999858e+00 2.201557142860000038e+00
-2.514285714289999918e-01 1.257299107139999927e+00
-6.666666666670000296e-01 4.003333333329999744e-01
4.546543062199999596e+00 -1.804999999999999938e+00
4.470533971290000075e+00 -1.219999999999999973e+00
3.001655411259999795e+00 2.594371428570000138e+00
2.180476555019999818e+00 -1.219999999999999973e+00
-8.110000000000000542e-01 -5.464166666669999506e-01
2.740921052630000077e+00 2.225000000000000033e-01
8.181515151520000195e-01 -8.082500000000000240e-01
1.775241243600000018e+00 2.235311688309999933e+00
3.901481781379999791e+00 1.646153846149999989e-01
3.896665869220000022e+00 -1.415000000000000036e+00
1.865709563160000029e+00 2.048993506490000005e+00
3.755636363639999864e+00 1.602724999999999955e+00
2.231595534289999794e+00 -4.400000000000000022e-01
-8.333333333329999704e-01 1.300166666670000026e+00
2.961662337659999977e+00 2.796117857140000051e+00
4.249645021650000132e+00 2.017964285710000194e+00
4.348651674640000131e+00 -1.804999999999999938e+00
1.903184210530000087e+00 2.225000000000000033e-01
1.055398661939999982e+00 2.223662337659999988e+00
3.555740259739999853e+00 2.799321428569999881e+00
3.197354385960000211e+00 -2.449999999999999956e-01
5.403959595959999973e+00 2.296296296299999984e+00
3.956930143540000167e+00 -1.219999999999999973e+00
4.154313875599999761e+00 -1.219999999999999973e+00
2.747709090909999929e+00 1.155450000000000088e+00
-8.514545454549999892e-01 2.700000000000000178e+00
2.383275279109999811e+00 -8.299999999999999600e-01
8.900000000000000133e-01 -3.083333333329999967e-02
3.162597402599999885e+00 1.377485714290000107e+00
9.323825265640000026e-01 1.439558441560000013e+00
2.173090909089999911e+00 1.542925000000000102e+00
1.076222222219999969e+00 4.470000000000000084e-01
4.339010121460000313e+00 3.932692307690000000e-01
4.546562770559999578e+00 2.023303571430000058e+00
-2.926406926410000109e-01 -1.714285714290000096e+00
-8.333333333329999704e-01 1.335000000000000075e-01
2.260118063750000128e-01 2.604064935059999808e+00
5.182536842110000208e+00 -3.619999999999999885e-01
6.970515545059999818e-01 1.823844155840000036e+00
3.676100432900000214e+00 1.802335714290000057e+00
-5.508571428570000483e-01 1.554379464289999957e+00
4.432952472090000207e+00 -8.299999999999999600e-01
3.042098701300000041e+00 2.188742857139999831e+00
2.186229984050000130e+00 -8.299999999999999600e-01
9.820543093269999968e-01 2.609889610389999781e+00
9.980909090909999559e-01 -4.677499999999999991e-01
1.776437622980000075e+00 1.852967532469999901e+00
3.774340080970000066e+00 4.938461538460000022e-01
4.744529352229999830e+00 2.179807692309999878e-01
3.860099681019999895e+00 -1.024999999999999911e+00
3.756259740259999980e+00 1.203503571429999974e+00
2.531486842110000079e+00 2.225000000000000033e-01
4.289672727270000152e+00 1.625150000000000095e+00
-7.029090909090000006e-01 2.250000000000000000e+00
5.272380952379999819e+00 1.226502645500000099e+00
2.352211255409999868e+00 1.136228571430000001e+00
3.556432900429999933e+00 2.397964285710000087e+00
3.232905263160000153e+00 -6.350000000000000089e-01
5.139878787879999855e+00 2.577777777780000168e+00
3.954222647529999968e+00 -1.610000000000000098e+00
4.156682934610000046e+00 -8.299999999999999600e-01
2.707127272730000200e+00 1.565350000000000019e+00
2.377860287079999857e+00 -1.219999999999999973e+00
4.066666666669999791e-02 6.362916666669999888e-01
5.239428571430000403e+00 1.400648809520000038e+00
8.949232585599999901e-01 1.829668831170000010e+00
9.474269972450000132e-01 -6.999090909089999979e-01
7.893459268000000417e-01 1.235766233769999944e+00
3.594638326590000155e+00 4.105128205129999763e-01
4.828640692639999621e+00 -1.721428571429999943e+00
4.546909090909999840e+00 1.632624999999999993e+00
8.310909090910000296e-01 -1.795700000000000074e+00
1.377388429750000087e+00 2.806886363639999882e+00
4.891805668019999942e+00 2.179807692309999878e-01
-8.514545454549999892e-01 -9.499999999999999556e-01
1.184900432899999911e+00 1.253240259740000084e+00
3.716335930740000126e+00 1.403114285710000075e+00
-8.502857142859999717e-01 1.851459821429999986e+00
1.205500000000000016e+00 -1.798799999999999955e+00
3.971563636359999983e+00 2.802525000000000155e+00
3.000816746409999958e+00 -2.449999999999999956e-01
3.377485714290000107e+00 2.799321428569999881e+00
1.432632821719999949e+00 2.423571428569999853e+00
5.377828571430000260e+00 1.598123809520000105e+00
4.128162955469999673e+00 5.578846153850000045e-01
1.178030303029999892e+00 -1.272500000000000020e-01
1.777634002359999910e+00 1.470623376620000089e+00
4.732535425100000026e+00 6.539423076920000133e-01
3.823533492820000212e+00 -6.350000000000000089e-01
2.322052631580000082e+00 2.225000000000000033e-01
4.329700432900000173e+00 1.232335714289999995e+00
1.968642266819999875e-01 1.010616883119999976e+00
5.387714285710000439e+00 1.408657738100000056e+00
3.557086124400000049e+00 -1.804999999999999938e+00
3.557125541130000013e+00 1.996607142860000073e+00
3.268456140350000094e+00 -1.024999999999999911e+00
4.875797979799999737e+00 2.859259259259999908e+00
4.159051993620000331e+00 -4.400000000000000022e-01
1.742221172770000104e+00 1.279451298699999962e+00
2.666545454550000027e+00 1.975249999999999950e+00
2.372445295059999903e+00 -1.610000000000000098e+00
-2.566666666669999985e-01 3.402083333329999904e-01
5.860590318770000362e-01 2.606006493509999800e+00
7.878347107440000219e-01 1.627818181819999932e+00
3.749379217270000009e+00 2.194871794870000004e-01
-8.000000000000000444e-01 6.401999999999999913e-01
5.111584415580000318e+00 -1.442857142860000108e+00
4.547255411260000102e+00 1.241946428569999927e+00
9.281818181819999625e-01 -1.387100000000000000e+00
-5.543636363639999898e-01 -1.250000000000000000e+00
2.407681385280000086e+00 2.587964285710000034e+00
4.052168437620000119e-01 2.803003246749999899e+00
4.975238095239999936e-01 5.725238095239999492e-01
3.952069264069999921e+00 2.602914285709999831e+00
2.978810845299999954e+00 -4.400000000000000022e-01
3.358095238100000213e+00 2.596507142860000172e+00
3.937914207009999834e-01 1.218292207790000026e+00
1.778830381739999966e+00 1.088279220780000056e+00
3.519504625200000181e+00 -1.610000000000000098e+00
3.786967304630000086e+00 -2.449999999999999956e-01
1.426581818180000072e+00 -1.603799999999999892e+00
1.976519480519999927e+00 1.117007142859999913e+00
1.951641086189999930e-01 1.408493506489999936e+00
-8.513333333329999864e-01 -7.695833333330000248e-02
3.557818181820000092e+00 1.595250000000000057e+00
3.304007017540000035e+00 -1.415000000000000036e+00
1.998322488039999900e+00 -2.449999999999999956e-01
5.403959595959999973e+00 2.718518518519999816e+00
1.954318181819999944e+00 -1.804999999999999938e+00
2.625963636359999853e+00 2.385149999999999881e+00
5.267230769230000220e+00 8.382051282050000385e-01
-5.540000000000000480e-01 4.412499999999999756e-02
6.268539944900000105e-01 -1.442818181820000101e+00
7.863234946870000242e-01 2.019870129870000142e+00
2.134067532470000028e+00 1.334771428570000085e+00
-5.999999999999999778e-01 5.604000000000000092e-01
5.394528138530000128e+00 -1.164285714290000051e+00
1.776063636359999975e+00 -1.804999999999999938e+00
5.405087719299999982e+00 -6.999999999999999556e-01
4.829877551020000048e+00 1.303132086169999981e+00
1.025272727269999962e+00 -9.785000000000000364e-01
-2.572727272729999903e-01 -1.550000000000000044e+00
2.448332467529999779e+00 2.175928571430000069e+00
4.428020464379999743e-01 2.409009740260000143e+00
2.767889633169999808e+00 -1.610000000000000098e+00
3.952623376620000073e+00 2.205828571430000107e+00
2.974411164270000185e+00 -8.299999999999999600e-01
1.215999999999999970e+00 2.613772727270000207e+00
3.921542699719999803e-01 1.614227272729999996e+00
4.834684210529999859e+00 -3.285714285710000238e-01
5.405087719299999982e+00 2.666666666670000074e-01
-4.000000000000000222e-01 8.005999999999999783e-01
1.975272727269999917e+00 1.535449999999999982e+00
-8.110000000000000542e-01 -3.630833333330000245e-01
1.934639905549999928e-01 1.806370129869999896e+00
3.793620779219999850e+00 2.602914285709999831e+00
4.356774162679999840e+00 -2.449999999999999956e-01
1.992230622009999896e+00 -6.350000000000000089e-01
1.921136363640000067e+00 -1.415000000000000036e+00
5.253056277059999779e+00 2.246031746029999887e+00
1.181781818179999943e+00 -5.698999999999999622e-01
4.665674931129999981e-01 -1.814272727270000107e+00
7.848122786300000264e-01 2.411922077919999907e+00
4.552465709729999865e+00 -4.400000000000000022e-01
-8.415515151519999959e-01 -1.520000000000000018e+00
1.581084612359999975e+00 1.078571428570000101e+00
5.112326530609999864e+00 1.559657029480000068e+00
2.884689177489999867e+00 1.776707142860000088e+00
3.981818181820000191e-02 -1.850000000000000089e+00
2.488983549779999915e+00 1.763892857140000103e+00
1.366500000000000048e+00 -5.916000000000000147e-01
2.772627751199999935e+00 -1.219999999999999973e+00
5.139878787879999855e+00 -1.610000000000000098e+00
3.953177489179999782e+00 1.808742857139999938e+00
2.970011483249999973e+00 -1.219999999999999973e+00
3.359619047619999854e+00 1.789521428570000072e+00
1.253333333330000077e+00 2.227545454549999970e+00
3.905171192440000105e-01 2.010162337660000187e+00
5.115210526320000284e+00 -6.071428571429999810e-01
1.340000000000000080e-01 -3.785000000000000031e-01
5.015120647769999884e+00 5.487692307689999716e-01
-8.000000000000000444e-01 8.002000000000000224e-01
1.974025974029999908e+00 1.953892857140000050e+00
-4.329999999999999960e-01 -2.892500000000000071e-01
3.159688311690000084e+00 2.797185714289999847e+00
1.986138755979999893e+00 -1.024999999999999911e+00
7.087603305790000086e-01 -1.628545454549999993e+00
-5.246545454550000098e-01 -1.760000000000000009e+00
-6.698989898989999858e-01 2.466666666670000119e+00
1.579825265640000032e+00 1.462857142859999904e+00
4.881438596489999782e+00 -1.799999999999999933e-01
5.394775510199999680e+00 1.816181972789999932e+00
2.844176623380000102e+00 2.184471428570000207e+00
3.683030303029999897e-01 -1.659499999999999975e+00
2.529634632030000052e+00 1.351857142859999916e+00
1.420166666669999911e+00 -1.892000000000000071e-01
2.777365869220000061e+00 -8.299999999999999600e-01
4.875797979799999737e+00 -1.870000000000000107e+00
3.953731601729999934e+00 1.411657142859999992e+00
2.965611802230000205e+00 -1.610000000000000098e+00
3.360380952379999897e+00 1.386028571430000023e+00
5.395736842109999820e+00 -8.857142857140000158e-01
-2.439999999999999947e-01 -5.190000000000000169e-01
5.100548987849999882e+00 1.829230769229999998e-01
3.411836682620000172e+00 -4.400000000000000022e-01
1.213666666670000005e+00 4.129999999999999782e-01
1.972779220779999898e+00 2.372335714290000119e+00
-5.500000000000000028e-02 -2.154166666669999897e-01
3.160519480520000091e+00 2.391557142859999985e+00
4.531077935219999908e+00 6.219230769229999733e-01
3.364778947370000051e+00 -1.219999999999999973e+00
-2.926406926410000109e-01 2.714285714289999873e+00
5.238909090910000010e+00 2.683333333329999792e+00
4.687168831170000161e+00 2.849206349210000155e+00
8.330358126719999978e-01 -1.257090909089999986e+00
1.410777777779999909e+00 3.742222222220000227e-01
1.578565918930000089e+00 1.847142857139999927e+00
2.171846411479999794e+00 -1.804999999999999938e+00
5.482424242419999816e-01 -1.318999999999999950e+00
2.782103987240000187e+00 -4.400000000000000022e-01
5.271919191920000358e+00 -1.870000000000000107e+00
-6.219999999999999973e-01 -6.594999999999999751e-01
4.150760287079999777e+00 -1.804999999999999938e+00
1.611995277449999930e+00 2.617655844160000189e+00
1.971532467530000110e+00 2.790778571430000188e+00
3.230000000000000093e-01 -1.415833333329999943e-01
3.161350649350000097e+00 1.985928571429999900e+00
3.368501754389999991e+00 -8.299999999999999600e-01
4.348051948050000171e+00 2.607185714289999900e+00
4.546043290040000073e+00 2.609321428569999934e+00
1.009345454550000021e+00 -1.795700000000000074e+00
-8.333333333329999704e-01 3.001666666669999817e-01
1.577306572219999925e+00 2.231428571429999952e+00
2.177599840510000107e+00 -1.415000000000000036e+00
-6.219999999999999973e-01 -4.928333333330000010e-01
3.717226794260000133e+00 -1.610000000000000098e+00
7.281818181820000069e-01 -9.785000000000000364e-01
-3.397979797980000272e-01 2.866666666670000030e+00
1.601072727270000051e+00 -2.170999999999999874e-01
2.214666188199999830e+00 -2.449999999999999956e-01
-6.666666666670000296e-01 1.200333333329999919e+00
5.384423076920000106e+00 5.286538461540000178e-01
2.567629186600000057e+00 -1.804999999999999938e+00
1.074096812280000091e+00 2.029577922080000096e+00
3.162181818180000104e+00 1.580300000000000038e+00
1.205466666670000020e+00 -1.387100000000000000e+00
4.310393301440000435e+00 -1.610000000000000098e+00
2.172502164499999999e+00 1.751078571429999897e+00
-8.585281385280000288e-01 2.142857142860000064e+00
4.348467532469999952e+00 2.214371428569999800e+00
4.546389610390000335e+00 2.218642857139999869e+00
-4.341125541129999821e-01 -1.571428571430000032e+00
3.437942857139999919e+00 2.197285714289999969e+00
2.183353269539999975e+00 -1.024999999999999911e+00
9.813301849669999743e-01 2.804944805189999890e+00
4.297611336030000118e+00 1.859615384620000034e-01
1.551218181819999931e+00 -6.132999999999999563e-01
2.248524880380000202e+00 -6.350000000000000089e-01
-5.543636363639999898e-01 2.375000000000000000e+00
-2.857142857139999825e-01 5.150000000000000133e-01
1.036700511610000097e+00 2.417746753249999880e+00
3.215129824559999960e+00 -4.400000000000000022e-01
2.727418181820000065e+00 1.360400000000000054e+00
1.223333333330000050e+00 -9.785000000000000364e-01
-8.333333333329999704e-01 1.466833333330000100e+00
4.687168831170000161e+00 -1.860714285710000082e+00
1.792139393940000103e+00 -8.299999999999999600e-01
2.371463203459999836e+00 1.343314285710000000e+00
-8.000000000000000444e-01 9.602000000000000535e-01
3.759546411480000128e+00 -1.219999999999999973e+00
-7.005714285709999656e-01 1.702919642859999971e+00
1.777035812670000103e+00 1.661795454549999995e+00
4.738532388660000372e+00 4.359615384619999756e-01
4.309686580090000163e+00 1.428742857140000044e+00
-5.714285714290000540e-01 2.290000000000000091e-01
2.686836363639999892e+00 1.770299999999999985e+00
5.091142857140000366e+00 1.234306547619999916e+00
4.970112554109999969e+00 -1.582142857140000025e+00
8.796363636359999516e-01 -1.591399999999999926e+00
1.378049586780000002e+00 2.613772727270000207e+00
3.762592344499999797e+00 -8.299999999999999600e-01
-7.029090909090000006e-01 -1.100000000000000089e+00
6.407682014950000227e-01 2.411922077919999907e+00
4.139248987850000283e+00 3.719230769229999733e-01
4.094218819780000018e+00 -1.415000000000000036e+00
1.960141676509999931e-01 1.209555194810000067e+00
2.646254545450000162e+00 2.180200000000000138e+00
5.401615384620000349e+00 7.191025641029999971e-01
-8.000000000000000444e-01 4.802000000000000157e-01
1.779278787880000046e+00 -1.610000000000000098e+00
-2.419393939390000053e-02 -1.367599999999999927e+00
-1.264444444439999926e-01 1.673055555559999907e-01
8.364242424239999585e-02 -5.887499999999999956e-01
-5.500000000000000444e-01 9.504500000000000171e-01
-6.518354978350000550e-01 1.926946428569999981e+00
1.454848484850000123e-01 -1.434500000000000108e+00
-2.770720188899999936e-02 1.233427150970000108e+00
1.074999999999999983e-01 1.983333333329999892e-01
4.734903318899999825e+00 2.147810846560000098e+00
5.585396825399999710e-01 8.576190476190000134e-02
4.736018303329999846e+00 -1.424285714290000060e+00
4.995696969699999768e-01 -1.008750000000000036e+00
-3.676192443919999997e-01 2.282577110390000108e+00
-4.874747474749999837e-02 -1.586500000000000021e+00
1.424968122789999958e+00 2.036858766229999951e+00
9.111341991339999558e-01 2.316821428569999952e+00
2.819537449389999839e+00 3.550961538460000178e-01
4.309270995670000381e+00 1.821557142859999923e+00
4.688437969919999837e+00 -1.568214285710000100e+00
1.862969696969999922e-01 -7.968499999999999472e-01
-1.786965761509999862e-01 1.680374797080000038e+00
1.112500000000000017e-01 4.418229166670000208e-01
2.793863636360000013e-01 -1.504437500000000094e+00
5.219501367050000340e+00 -9.205357142860000064e-01
3.033355844159999926e+00 1.677969642859999944e+00
9.208610783159999480e-01 2.121766233769999843e+00
3.742148760329999657e-02 2.730603896099999872e+00
8.495454545449999673e-01 -3.177499999999999769e-01
4.365272727269999820e-01 -8.406500000000000083e-01
5.221128947370000439e+00 4.472499999999999809e-01
-3.432972845339999912e-01 1.823875162340000022e+00
4.102619047619999737e-01 2.154702380949999885e-01
7.195555555560000371e-01 2.353333333329999943e-01
5.079087121209999722e+00 -8.160714285710000127e-01
4.688393320960000388e+00 1.467878543080000098e+00
4.687428571429999913e+00 2.556197420630000217e+00
4.693151913880000414e+00 -4.817857142859999775e-01
2.825454545450000188e-01 -5.284999999999999698e-01
4.898183603239999684e+00 4.009038461539999876e-01
6.746162927980000126e-03 1.892576197239999924e+00
-6.624545454550000434e-01 -8.797500000000000320e-01
-3.991818181819999922e-01 -8.844999999999999529e-01
4.691248205740000010e+00 -9.205357142860000064e-01
5.076432900430000394e+00 2.190349702379999819e+00
-1.028476977570000062e-01 1.374010010819999961e+00
3.794244155839999966e+00 2.203692857140000072e+00
-4.934999999999999942e-01 -1.225625000000000048e-01
-3.515555555559999878e-01 1.106666666669999938e-01
-5.139090909090000547e-01 -1.029749999999999943e+00
4.162020202019999782e-01 -1.185666666669999980e+00
4.242954545450000059e-01 -4.758125000000000271e-01
4.970885590600000015e+00 1.675568664969999899e+00
4.971170169739999700e+00 -1.338392857139999892e+00
5.076803957950000168e+00 1.771765518710000098e+00
-3.645643447460000242e-01 1.567642552759999974e+00
5.023492063490000437e-01 3.467936507939999857e-01
-1.817249114520000097e-01 2.389092532469999863e+00
1.749909090909999909e+00 -1.213799999999999990e+00
-2.844545454549999852e-01 -7.392499999999999627e-01
-1.222222222219999932e-01 -3.020833333329999912e-02
2.008080808080000071e-02 -7.856666666670000243e-01
6.943636363640000031e-01 -6.832500000000000240e-01
3.517859740260000034e+00 1.795928571429999954e+00
2.992219913420000044e+00 2.389955357139999848e+00
4.312423923439999918e+00 -1.219999999999999973e+00
-1.314558572739999986e-01 2.610585497839999825e+00
4.734672438669999650e+00 2.408263227509999993e+00
5.869539551360000197e-03 2.097731331169999880e+00
-7.021298701299999445e-01 2.067639880949999842e+00
3.468636363640000275e-01 -1.376749999999999918e+00
3.135909330140000062e+00 -1.415000000000000036e+00
1.297878787879999940e-01 -1.704749999999999988e+00
2.152499999999999969e-01 2.837500000000000092e-02
4.923243867240000071e+00 2.272318121690000137e+00
2.612567942580000135e+00 -6.350000000000000089e-01
6.235812672180000016e-01 2.213954545450000033e+00
7.349999999999999589e-02 6.874999999999999601e-04
4.739483253589999556e+00 -6.257142857140000070e-01
3.095870414669999793e+00 -5.374999999999999778e-01
2.690952380950000222e-01 6.044077380950000355e-01
5.183529049899999741e+00 -1.094642857139999981e+00
2.320580086580000145e+00 1.860494642859999992e+00
4.384452631580000315e+00 -6.350000000000000089e-01
3.356848484850000203e-01 -6.865999999999999881e-01
-1.646602125149999873e-01 1.884352922079999937e+00
3.666309523810000193e-01 3.694345238099999706e-02
4.902700558210000281e+00 -8.857142857140000158e-01
3.385977732789999806e+00 1.981410256410000015e-01
2.345697527910000080e+00 -1.415000000000000036e+00
1.415319952770000000e+00 2.229487012989999961e+00
6.268863636360000324e-01 -8.109374999999999778e-01
4.688003710580000316e+00 1.907391935940000005e+00
4.690341678060000241e+00 -1.129464285709999904e+00
5.253221191509999777e+00 2.059994331069999962e+00
8.021251475800000169e-03 1.594168729710000010e+00
-2.977777777780000190e-01 -7.083333333329999704e-02
-3.653636363639999884e-01 -1.179750000000000076e+00
2.841616161619999748e-01 -1.052333333330000009e+00
4.900056895489999675e+00 1.855611536280000085e+00
-2.150060606059999990e-01 -1.383799999999999919e+00
-1.119595959600000051e-01 -6.523333333330000317e-01
5.119818623479999609e+00 7.849487179490000077e-01
2.341200000000000170e+00 1.550400000000000000e+00
2.057663556620000112e+00 -1.512499999999999956e+00
1.563138888889999967e+00 3.019444444439999820e-01
-1.808748524200000096e-01 2.190154220780000216e+00
2.050806459329999942e+00 -1.317499999999999893e+00
-4.750000000000000056e-02 3.590625000000000067e-01
1.440636363639999917e+00 -1.201400000000000023e+00
7.383707201890000148e-03 1.743372463470000078e+00
2.111913078150000178e+00 -5.374999999999999778e-01
4.927346889949999920e+00 -6.164285714289999829e-01
1.147504132229999918e+00 1.641409090910000090e+00
-5.219343565530000228e-01 1.763397402600000108e+00
5.147556732740000029e+00 -1.268750000000000044e+00
4.121563636360000338e+00 1.617674999999999974e+00
5.441936245570000441e-01 1.818019480520000064e+00
4.873828036439999956e+00 6.013557692309999814e-01
5.255909090910000359e-01 -6.433750000000000302e-01
4.830755923899999971e+00 -1.233928571429999899e+00
5.253386105959999774e+00 1.873956916100000036e+00
4.377916883120000158e+00 2.412380357139999987e+00
4.594451003540000154e-03 2.396138798700000017e+00
4.735381570810000440e+00 1.608302343160000092e+00
3.023019913420000204e+00 1.881317857139999994e+00
2.588809523810000068e-01 2.069017857140000027e-01
-3.554582644629999955e-01 2.053226136360000176e+00
-1.727675324680000013e-01 2.037253571429999965e+00
5.043114804060000012e+00 -9.901785714290000096e-01
1.013787878790000097e+00 -2.225000000000000033e-01
4.866728241059999682e+00 -1.059821428570000057e+00
5.247652192980000407e+00 2.902916666670000145e-01
-2.368821548820000122e-01 -1.048388888889999926e+00
-9.435690235690000552e-03 -1.173622222219999900e+00
4.988244897959999591e+00 2.022980619330000174e+00
-5.097273711140000163e-01 2.104761769480000044e+00
5.626477272730000534e-01 -3.217812500000000187e-01
4.817480107189999750e+00 2.001711191420000091e+00
-3.079964580869999913e-01 1.412470829949999951e+00
-1.407721369540000100e-01 1.527192403949999999e+00
4.946678210680000021e+00 2.455206679889999855e+00
2.100796930340000090e-02 2.563371347399999944e+00
5.007142486900000300e+00 -1.164285714290000051e+00
4.617456400740000078e+00 1.770008467970000110e+00
-5.105909090910000225e-01 -7.720000000000000195e-01
5.322558922560000419e-03 -9.796444444440000066e-01
4.615820543089999700e-02 1.391251758659999949e+00
3.857222222219999774e-01 4.756006944439999939e-01
8.462272727270000461e-01 -5.755000000000000115e-01
4.821091905900000363e+00 -7.557142857140000114e-01
2.330890043290000158e+00 1.705447321430000107e+00
6.875681818179999460e-01 -4.805625000000000036e-01
8.047777777779999697e-01 1.022499999999999937e-01
1.299838383839999889e-01 -1.209966666669999968e+00
-3.432866981500000136e-01 2.494546266229999976e+00
4.619288462630000147e+00 -1.272232142860000081e+00
4.621433911479999601e+00 -7.777678571430000076e-01
-6.750000000000000444e-01 1.035325000000000051e+00
-1.395659932659999991e-01 -8.594472222219999846e-01
5.120815501960000127e+00 1.948468767720000105e+00
-2.259441077440000056e-01 -1.216094444439999922e+00
